1M:
	ler: 0.406886299 0.438280229 0.454359525 0.414471487 0.420799002; media = 0.4269593084
	ler/separar: 0.906022102 0.921879136 0.894588906 0.897739111 0.926248766; media = 0.9092956042
	ler/separar/validar: 1.152551229 1.155612891 1.104332014 1.11205122 1.104119389; media = 1.1257333486
	ler/separar/validar e inserir nas estruturas: 2.796052245 2.774230903 2.807367082 2.813280493 2.789728043; media = 2.79613753

3M:
	ler: 0.628479116 0.619485673 0.615534968 0.63744937 0.626612485; media = 0.6255123224
	ler/separar: 1.718069316 1.778122881 1.687960766 1.726863688 1.692736669; media = 1.720750664
	ler/separar/validar: 2.252573244 2.201864283 2.250515974 2.27387146 2.212871328; media = 2.2383392578
	ler/separar/validar e inserir nas estruturas: 10.094054394 10.275319771 10.127589019 10.983242476 10.225184533; media = 10.3410780386

5M:
	ler: 0.784698256 0.756992114 0.745453209  0.804456004 0.798010733; media = 0.7779220632
	ler/separar: 2.597294498 2.53329113 2.50152044 2.547935065 2.556599935; media = 2.5473282136
	ler/separar/validar: 3.531078156 3.519053469 3.370990227 3.413425234 3.517085946; media = 3.4703266064
	ler/separar/validar e inserir nas estruturas: 19.244361329 19.351491784 19.581321514 19.322855339 19.996495924; media = 19.499305178

query 5:
	HashMap/ArrayList:  0.38133862
	HashMap/Vector: 0.383004073
	TreeMap/ArrayList: 0.330248984
	TreeMap/Vector: 0.385314625

query 6 (para 200 produtos):
	HashMap/ArrayList: 1.291925808
	HashMap/Vector: 1.308684536
	TreeMap/ArrayList: 2.146647457
	TreeMap/Vector: 2.161558225

query 7:
	HashMap/ArrayList:  0.418646864
	HashMap/Vector: 0.477717721
	TreeMap/ArrayList: 0.466651347
	TreeMap/Vector: 0.427917983

query 8 (para 200 clientes):
	HashMap/ArrayList/TreeSet: 0.738077634
	HashMap/ArrayList/HashSet: 0.635372524
	HashMap/Vector/TreeSet: 0.746092586
	HashMap/Vector/HashSet: 0.589415071
	TreeMap/ArrayList/TreeSet: 0.868754215
	TreeMap/ArrayList/HashSet: 0.766450861
	TreeMap/Vector/TreeSet: 0.86959959
	TreeMap/Vector/HashSet: 0.728036733
	
query 9 (produto mais vendido WX1593, 15 clientes distintos):
	HashMap/ArrayList: 0.525912543
	HashMap/Vector: 0.541240428
	TreeMap/ArrayList: 0.533458579
	TreeMap/Vector: 0.530783313
	