function [F,J]=f16(q)

F = [q(1)-q(2)-q(3); q(2)+q(3)-q(4); 
    93.85*q(1)^(1/0.56)+31.28*q(2)^(1/0.56)+93.85*q(4)^(1/0.56)-1000;
    31.28*q(2)^(1/0.56)-31.28*q(3)^(1/0.56)];

J= [ 1 -1 -1 0;
     0  1  1 -1;
    (93.85/0.56)*q(1)^(0.44/0.56) (31.28/0.56)*q(2)^(0.44/0.56) 0 (93.85/0.56)*q(3)^(0.44/0.56);
     0 (31.28/0.56)*q(2)^(0.44/0.56) -(31.28/0.56)*q(3)^(0.44/0.56) 0 ];